0.779896013865
0.740368509213
0.800648298217
0.800627943485
0.792109256449
0.79234167894
0.795422031474
0.795549374131
0.77401894452
0.769433465086
0.777920410783
0.775969962453
0.803418803419
0.793802145411
0.791618160652
0.780432309443
0.78531701891
0.764386536374
0.7651434644
0.763787721124
0.767039674466
0.747756729811
0.797653958944
0.78386167147
0.770970782281
0.765957446809
0.772025431426
0.767586821015
0.76990376203
0.773860705073
0.772612003381
0.724854530341
0.789860997547
0.793242156074
0.782264449723
0.780982073266
0.772413793103
0.76679245283
0.764312267658
0.757863935625
0.754145638068
0.753375977257
0.776454099509
0.775707384403
0.769544527532
0.761904761905
0.767703507611
0.769431743958
0.760799484204
0.760025461489
0.758013827781
0.756052141527
0.786020846107
0.782556026651
0.785158587672
0.781785925488
0.709526592636
0.682842287695
0.686464877213
0.671936758893
0.674483528755
0.676974047488
0.758055707264
0.759589411129
0.748262960983
0.747752511898
0.747252747253
0.74779906784
0.747309072271
0.747843734145
0.748367654445
0.737941322725
0.777941900542
0.780107264749
0.780299372284
0.780487804878
0.771198484131
0.771468793993
0.771734077173
0.770152003685
0.770424463715
0.769787426504
0.798925212718
0.798934753662
0.798944126705
0.792847797645
0.793088552916
0.786295503212
0.756687898089
0.756210526316
0.75490605428
0.756935817805
0.803446860895
0.786324786325
0.778360920468
0.779335202243
0.765991259436
0.762317698069
0.761830269847
0.759798214979
0.757027339238
0.732900267482
0.794842624194
0.794128716598
0.790593505039
0.790818215476
0.790150679897
0.7887632251
0.783049619703
0.757728253055
0.757046022119
0.757350336521
0.786643233743
0.786736474695
0.788214904679
0.789672977625
0.782905982906
0.783022071307
0.783811129848
0.778559463987
0.746755407654
0.741988767757
0.795536593371
0.783175741767
0.783932620667
0.784036047634
0.785417332907
0.785510009533
0.788759077992
0.783809224976
0.773932023698
0.774713356058
0.800739143825
0.800734618916
0.801338606632
0.79891140006
0.800120228434
0.800238877277
0.795488275453
0.790203599882
0.790261073629
0.780402449694
0.80023195129
0.793312193716
0.793350530238
0.790657932213
0.791843670348
0.791326386933
0.784654158499
0.773600668338
0.770977568541
0.771688240154
0.793755135579
0.793789158268
0.778650772148
0.775532201563
0.77405521308
0.77259397494
0.765314240255
0.765497230282
0.763579113094
0.796764936081
0.790552815988
0.790709677419
0.78973042362
0.782630906769
0.782210927573
0.782806573957
0.771320754717
0.770463078849
0.767123287671
0.790086741016
0.789642416769
0.78773006135
0.788278388278
0.782017010936
0.783071342201
0.775932611312
0.769820359281
0.769487485101
0.744958481613
0.753246753247
0.753936545241
0.749005847953
0.749360018618
0.749594625898
0.749365921144
0.747419132829
0.748116008221
0.748351898159
0.748585652863
0.785762559135
0.784480825297
0.785889707524
0.785063347411
0.786014605001
0.786343612335
0.786231089673
0.781584115208
0.783836628286
0.779580359074
0.789575705363
0.789710610932
0.789754535752
0.787672688629
0.781468161625
0.781967558458
0.782462764842
0.782953833299
0.78385687539
0.784338098198
0.803796162575
0.804191493733
0.804174340086
0.804564907275
0.80089303836
0.800889427936
0.79726192873
0.794866653299
0.795286598762
0.794907499503
0.80958985536
0.809946714032
0.808728130529
0.806577916993
0.806395008774
0.806758593902
0.803250145096
0.804008479476
0.802841236322
0.803595333716
0.807010859211
0.80622509015
0.806579693704
0.806554906762
0.803903171327
0.799775659002
0.797541441609
0.797550565968
0.798299131078
0.797937004973
0.808588731877
0.808923020662
0.800218539428
0.800217746326
0.799855360694
0.795966144426
0.795621747712
0.796352583587
0.7967218956
0.797443635718
0.80884173298
0.807400881057
0.808779631255
0.809098862642
0.806974716652
0.805907906169
0.805194805195
0.805522001726
0.805503009458
0.805208154874
0.810653918388
0.810277352391
0.808207563168
0.807165793476
0.806467913087
0.805774718818
0.8058203713
0.805865689052
0.806178375685
0.806820062903
0.808777429467
0.809077454366
0.809047697099
0.808753878818
0.809050952303
0.809021580399
0.809315866084
0.809285829437
0.807006267074
0.806983821881
0.814306243015
0.813942384211
0.809138505474
0.809742210976
0.807819643702
0.806537796637
0.806517311609
0.805872247384
0.806165343298
0.80676703399
0.815158546017
0.814369411039
0.814507453512
0.813237321894
0.811669466931
0.81193848028
0.81195932615
0.812282559371
0.81254712713
0.812509397083
0.816669165043
0.816918248393
0.817165847117
0.816520576437
0.81469411939
0.814946093635
0.815305371597
0.815847395451
0.814923189466
0.814004376368
0.818327272727
0.818274111675
0.816775126537
0.816726748378
0.816678648454
0.815770609319
0.816011436741
0.815680684248
0.815351812367
0.815927447924
0.816447647308
0.816964914753
0.817479274975
0.817710522629
0.818219924549
0.81677581162
0.816451299152
0.816682832202
0.815858543998
0.814712770354
0.821266657508
0.819613751541
0.815785880104
0.811164057182
0.810862186015
0.811916046039
0.811883862255
0.811582491582
0.809402283412
0.809645010047
0.820307281229
0.821052631579
0.821528239203
0.820941020543
0.821461609621
0.814600079062
0.814036009988
0.813474898414
0.813701137404
0.813926196375
0.821693328131
0.82215592165
0.809209675333
0.808927880274
0.808904902844
0.809444373155
0.808701215611
0.809189534142
0.809675366009
0.819301587302
0.819506016466
0.818997094859
0.818742914725
0.819198391758
0.819150269457
0.811851481435
0.81207133059
0.812538872994
0.811910669975
0.822917955699
0.822614492038
0.821081147642
0.821275027638
0.821021683205
0.820481486008
0.820919175911
0.817949653411
0.817663472037
0.81810480455
0.822165881927
0.822495183044
0.822822822823
0.819173157579
0.819605499103
0.819363300346
0.81670036874
0.810964756141
0.811175565289
0.811621589701
0.825969129257
0.825672975197
0.82213624106
0.822126067127
0.819274297048
0.818298219066
0.816397630937
0.8156644653
0.814241128193
0.814438934379
0.823150385456
0.818964527609
0.819379223457
0.816592389441
0.817052319617
0.817013533493
0.816521048451
0.815577946338
0.815316841749
0.815549295775
0.819561551433
0.819293325855
0.819921656407
0.819877163596
0.819022162824
0.81920213357
0.817647710897
0.818493529477
0.818452709414
0.817310868847
0.818811119657
0.81833132332
0.818728804288
0.818727490996
0.81850843767
0.81155642446
0.811788926211
0.811547194291
0.81173805157
0.810892261328
0.819460852755
0.819847819098
0.819163725805
0.818482552556
0.818230220424
0.811430999681
0.811618785116
0.811805775944
0.812203103557
0.812177393869
0.81614632608
0.815692856394
0.81524128546
0.815248041775
0.815424700365
0.815392615705
0.81453035807
0.814085965821
0.814056847545
0.812583806086
0.819351518271
0.819517205958
0.819924157015
0.820087961542
0.818005511891
0.817968829581
0.817932296432
0.8177299929
0.817694098593
0.816244065057
0.826494606311
0.8242631526
0.824616002409
0.824566676686
0.824517548245
0.824269035026
0.824419878498
0.824371334857
0.8221759397
0.82691736764
0.826469135802
0.826022671267
0.825577963601
0.825135002455
0.825281724645
0.825036674817
0.824402147389
0.824583617415
0.8235980173
0.824910272577
0.825249298093
0.825393757851
0.82476612981
0.824367240882
0.8251224431
0.824149496885
0.824136941761
0.823327288346
0.823473373345
0.825900922316
0.826074580131
0.826214603656
0.824874775541
0.825205169324
0.824027869316
0.824358612912
0.824158304417
0.824333177351
0.824100887436
0.826293706294
0.825686365752
0.825638643753
0.824510985445
0.824650689368
0.824050983652
0.824375403337
0.823410324837
0.819910000918
0.820273118871
0.826090934041
0.826043283718
0.825995807128
0.826312437449
0.825719734811
0.823891960482
0.822943997105
0.822180077666
0.818353916885
0.819073324336
0.822990570274
0.823307933662
0.823118904894
0.820430395571
0.820572243515
0.820891538393
0.821209698908
0.821026504742
0.819573489072
0.827842063422
0.825853099374
0.824782187803
0.823539745279
0.823673827269
0.82363238512
0.823066841415
0.822852158744
0.822525894334
0.823008080633
0.827305056813
0.826045545069
0.825136139684
0.823397463549
0.822668159504
0.822113317857
0.821247747361
0.821211342414
0.821205643437
0.819834428608
0.825935077107
0.824189844348
0.824518210374
0.823798627002
0.819020221677
0.81875
0.818817974876
0.819122969447
0.818922779598
0.819058803792
0.824081051662
0.822201788849
0.82199783026
0.819795051237
0.820094818265
0.820257368203
0.820389556569
0.816880430285
0.816882795077
0.81669003051
0.825253107252
0.825568975433
0.825691083586
0.825649004995
0.82544354509
0.825728511958
0.823893733192
0.822448149654
0.822249289484
0.827888123227
0.827519222987
0.827636363636
0.824876986368
0.823415733956
0.82356723736
0.821442901854
0.818844643859
0.816284091818
0.805557773696
0.827872119908
0.828146143437
0.828260351268
0.828401428005
0.82803960396
0.826888098062
0.827003553099
0.825857311786
0.826131444313
0.823945321706
0.826888383403
0.826063121623
0.826178747361
0.825567782721
0.825372087587
0.823154127441
0.823428882156
0.822982088858
0.815514438337
0.813635309577
0.827815080651
0.827926331201
0.827909839218
0.82571626085
0.818314287906
0.817979937208
0.818258276627
0.818563468438
0.818105616094
0.816556341779
0.825495707665
0.825305317454
0.825293449451
0.825255198488
0.825217063043
0.823671315492
0.814452389913
0.814608852484
0.814737000075
0.823705701656
0.823819854866
0.82366121443
0.823924229995
0.824186462134
0.824001784519
0.823695345557
0.823834580894
0.822319248131
0.814453557969
0.825352320519
0.825219120572
0.823122747665
0.823088786076
0.814255334751
0.819825755912
0.820089187806
0.8203518505
0.819447481595
0.819445455207
0.825666739336
0.822436688194
0.822549090646
0.822133815552
0.821957385338
0.822214208439
0.822207820264
0.821051117981
0.82116447699
0.818553301312
0.822678788747
0.821528125223
0.82164013989
0.821181669161
0.821009180841
0.819157251474
0.818704321294
0.818252674839
0.818368357744
0.825856587778
0.825961199295
0.826090019018
0.826053316452
0.826181613877
0.822803449968
0.822351375954
0.820222362073
0.814354534665
0.814613400265
0.826986005709
0.827087533894
0.827351614023
0.823986135182
0.819522326064
0.819520287551
0.819355284048
0.819604328945
0.819301989399
0.819575228538
0.828608689684
0.82706148468
0.827161338901
0.825917572278
0.825882192342
0.824756321996
0.825018716396
0.823489431115
0.8227787959
0.821256693554
0.824906937394
0.8250084488
0.825133292839
0.825369009908
0.825627565785
0.825750957597
0.825313737333
0.821148562621
0.821254098909
0.824299939852
0.82426750317
0.824525158281
0.823960066556
0.823396477235
0.823521603504
0.823755551137
0.822797378699
0.823031665234
0.823156644003
0.82563122157
0.825729146093
0.825509533202
0.825684459326
0.824601665465
0.822735904656
0.821029229059
0.821262979168
0.821365681863
0.820319114295
0.824975609756
0.824943163365
0.824414607252
0.824039893789
0.823772877191
0.82374216883
0.821260401213
0.821513687601
0.821743325828
0.821843880501
0.823378456406
0.823604792721
0.82383054969
0.823927909503
0.823919841726
0.822104659315
0.819657521166
0.819401182379
0.819630499651
0.823917316594
0.82405824628
0.823923626478
0.824041921838
0.824159889036
0.824381336188
0.824269097768
0.823610675039
0.822828472876
0.823072587211
0.830091926709
0.829929423521
0.830059245401
0.829149797571
0.827247278383
0.827607628751
0.823726499969
0.823201338539
0.823442044681
0.823289449286
0.829927773319
0.829048763948
0.829259282064
0.82924429687
0.829229352165
0.827844219565
0.827810107198
0.826696029853
0.825563634142
0.828095441509
0.828103101578
0.827703730753
0.82779162361
0.823286590178
0.822409507064
0.821050081754
0.821167221046
0.819933554817
0.820030165913
0.827257938182
0.825901185533
0.82502855082
0.824779398523
0.824989507764
0.821127013594
0.820742867396
0.820858968998
0.820476105244
0.820451701329
0.825090757603
0.824942043631
0.825268657603
0.825259412985
0.82534794196
0.822951789411
0.823063744314
0.823154540627
0.823127247009
0.828418388369
0.827091539773
0.827120633989
0.826737027265
0.827408491947
0.826811721355
0.826663550856
0.822568411226
0.82079375255
0.820420280575
0.828837209302
0.829104000929
0.829090065534
0.82919200695
0.827885449812
0.827777456814
0.827745397888
0.827828693296
0.826434862702
0.826519464091
0.830528915178
0.83072334079
0.830707533658
0.830672389127
0.830865961703
0.82870026828
0.828667540909
0.828768293377
0.824185199932
0.833475370718
0.833342790671
0.833418352888
0.829210302859
0.827367825841
0.827469362399
0.827438370847
0.827764944504
0.827527995048
0.826842016523
0.833997642171
0.833623058375
0.832035844301
0.830769230769
0.830865508186
0.830831054306
0.830815541558
0.826437997661
0.822888283379
0.830417152697
0.829181692094
0.82914934885
0.829246692865
0.829324929507
0.829532276768
0.8296100171
0.827943364002
0.828242804469
0.828230638158
0.828419260967
0.828626268166
0.82870446453
0.824861848225
0.82450674974
0.824717506414
0.824908664595
0.8251184576
0.823350198575
0.831802619423
0.831786354014
0.831426557501
0.827836447333
0.827265350284
0.8258496785
0.826037674745
0.826244002372
0.826323442296
0.826332490722
0.833825820663
0.833700026831
0.833663897079
0.830647320233
0.830614537092
0.829531492067
0.826938470569
0.827122980969
0.825214289517
0.825506568101
0.833891102258
0.833978882581
0.834066458212
0.830765973215
0.83052191846
0.830507579359
0.830686434865
0.83046113307
0.830429060279
0.833675132776
0.833744812733
0.833919294747
0.833901147859
0.834075082465
0.834161393233
0.833916723264
0.834003026666
0.833446280561
0.831033585004
0.834122236671
0.833792279316
0.833964810297
0.83413698346
0.832254389145
0.832324486523
0.832411761666
0.829487378039
0.829680812664
0.833771184258
0.833942263161
0.833821639681
0.833581514763
0.833786348018
0.833956657616
0.833324804258
0.830342994428
0.828167287954
0.828258097424
0.834038216561
0.831780933476
0.831545228047
0.831225557418
0.82865695875
0.82883065538
0.828312490507
0.825957210055
0.82534229273
0.834906374603
0.834484497101
0.831528582221
0.831513809931
0.831582650651
0.831584759801
0.831553081591
0.830436307168
0.829004653956
0.829092726818
0.83207669646
0.832244226069
0.83232846679
0.83249539549
0.829993535876
0.827281307436
0.82588200268
0.825856342636
0.825830733422
0.831874165306
0.828778969215
0.828866182931
0.828854592969
0.829040043343
0.829109875511
0.829294666994
0.829364105082
0.829450139795
0.827167148527
0.833031474864
0.833096972957
0.832006252748
0.830706163682
0.828352751913
0.828519943506
0.825572909064
0.825759416768
0.821364408837
0.828054518116
0.828124242865
0.828016844959
0.827893031578
0.827802733903
0.825170100854
0.825355507351
0.825234770046
0.825227305527
0.822913162574
0.829148864673
0.828065800201
0.827863747425
0.827757836803
0.827922543629
0.828007833023
0.828076537672
0.827398827399
0.827389171944
0.825286590877
0.829064296916
0.828277073541
0.828361394356
0.828334517887
0.828323945662
0.827162245236
0.825452312344
0.825428288263
0.825515062939
0.836622238968
0.835270314779
0.834124559342
0.834280347499
0.833231693015
0.833216176953
0.83327871155
0.831766521678
0.830163995702
0.826868319096
0.835346234554
0.835902929806
0.834845735027
0.833434056994
0.833511354665
0.831531573331
0.828644264195
0.828726211974
0.827605347148
0.832878990898
0.833141010847
0.833125835754
0.831452393017
0.829766671269
0.826812560342
0.825885270748
0.82349162652
0.817419206968
0.828776846636
0.826753282401
0.826744664321
0.826902881147
0.826362599772
0.826209787661
0.826239359039
0.826413206603
0.823572175019
0.822295855839
0.829018363183
0.826833355981
0.824290691887
0.824284616428
0.824278553042
0.820753440108
0.817038539554
0.816859548791
0.817040802555
0.82700346083
0.825108885995
0.825117739403
0.825184853238
0.825177955858
0.82526052149
0.825379803396
0.825141734744
0.825045711992
0.831365560258
0.830714444692
0.830880064037
0.830436908307
0.82864631925
0.828241563055
0.82787394585
0.821702675125
0.817843206811
0.817480719794
0.829486554734
0.827879378293
0.825086306099
0.820651212175
0.820252045103
0.819889502762
0.817282205337
0.816921310607
0.816524694355
0.825693739798
0.822823882177
0.820838291683
0.820476672981
0.820079260238
0.817393600634
0.817034006423
0.816638818046
0.816279887482
0.814303914247
0.815491349785
0.815133426966
0.814740074578
0.814382810787
0.813990182328
0.812283699128
0.808687655997
0.808298319328
0.806159499541
0.816563907473
0.814685314685
0.811847450963
0.811492947906
0.809881284916
0.802251014265
0.800122089474
0.799773361227
0.797908952298
0.809057261049
0.807277158774
0.806890851351
0.806539983476
0.806154381085
0.805804153271
0.805419253984
0.805069664482
0.803557483731
0.803209019948
0.81097481687
0.806117585893
0.80573358739
0.805384815168
0.80379007485
0.803442459888
0.799861675456
0.79951607328
0.799136255668
0.80828836607
0.80790472903
0.806572648467
0.803465965427
0.801361599448
0.801016452752
0.800637134616
0.797108309308
0.796559139785
0.796216680997
0.802372051051
0.801563439567
0.801219302765
0.797493884908
0.797117611735
0.796775853198
0.796400257124
0.796025014992
0.795684192499
0.797021440493
0.801779450766
0.801436634171
0.801059874354
0.799829132849
0.799487617421
0.795612649908
0.795239314052
0.794303257718
0.79393086988
0.796745196609
0.796371997956
0.79603302971
0.794894703255
0.793621092919
0.793250021253
0.792879296427
0.792542574426
0.7921725104
0.796418873048
0.794944654141
0.794573972022
0.793389830508
0.792088433357
0.790991067271
0.790622884225
0.790288469673
0.789920940261
0.793103448276
0.792768437949
0.792400253325
0.792032410533
0.791664909099
0.788936672569
0.788570946943
0.788205560236
0.787840511978
0.787508943226
0.787817600538
0.78745322289
0.787089182147
0.785297206469
0.784934497817
0.784572124061
0.784210084739
0.783881247903
0.782933065091
0.782572266443
0.782211800176
0.78185166583
0.781491862946
0.781132391068
0.780805885303
0.779695007311
0.779336841226
0.778979004049
0.779655359453
0.779297689549
0.778940347659
0.778615775657
0.778259058726
0.777902668498
0.777546604527
0.777223192746
0.776867750385
0.777094414894
0.776771620836
0.776416856965
0.776062416999
0.775740479549
0.775386656715
0.774038461538
0.773105762459
0.77195743095
0.771605960265
0.773406147863
0.773086307431
0.771990740741
0.771639879354
0.771289336747
0.770392998679
0.770043325769
0.769693970139
0.769376649077
0.773313553385
0.772963176538
0.77170735724
0.771389769126
0.771040723982
0.767896056906
0.76758045292
0.767233588037
0.766887036505
0.766572261216
0.769016164766
0.768341193357
0.767994753238
0.767680078669
0.766597043044
0.766251842148
0.765938292823
0.762812384965
0.762469337694
0.767633837352
0.767288917936
0.766944308346
0.766631295404
0.766287276139
0.765943565487
0.765631368713
0.762762273375
0.762420589673
0.765986892987
0.765675224804
0.765332682609
0.764990446766
0.764648516863
0.763038180341
0.762666450146
0.762326015501
0.761985884643
0.763592134604
0.763282674772
0.762294417889
0.759444466939
0.759106362312
0.758799255603
0.7584617251
0.757396928052
0.753666518525
0.751827470619
0.759647989666
0.759310817899
0.759004557738
0.756168359942
0.754301833568
0.753967614598
0.752908966461
0.752575660013
0.752242648538
0.756282922514
0.754421221865
0.754087822908
0.752549995984
0.749488219002
0.748435243139
0.74810507319
0.74777519442
0.74747555698
0.75051067409
0.75018015854
0.749849933971
0.749549981999
0.749220311875
0.748890931617
0.748561840844
0.746905199265
0.746577256217
0.751755505905
0.751425722832
0.751096228972
0.749332589553
0.749034133907
0.748706107174
0.745751920092
0.745425616547
0.743777335984
0.741703429911
0.750357540124
0.750029781996
0.749176358512
0.747500396762
0.747015665279
0.746719524281
0.74639404026
0.744326058542
0.74371461377
0.747190121893
0.746864986748
0.746569654791
0.746245059289
0.744577456442
0.744254008372
0.743960208432
0.743479461784
0.74315689832
0.743337013089
0.743014778325
0.742692822816
0.742400378012
0.742078954619
0.741757809426
0.741308793456
0.740673768623
0.739017681729
0.738698401477
0.74010678392
0.739787309187
0.739497116856
0.73917816813
0.737526944934
0.737209120113
0.736891569096
0.734852043213
0.733831527055
0.735940555338
0.735624096009
0.735307908721
0.734963286986
0.73425727113
0.733942090065
0.73276904474
0.732454772302
0.730659807475
0.732684067004
0.731669327518
0.731384531548
0.731071511945
0.73075876016
0.730474672472
0.730162431025
0.728141386677
0.726199720453
0.732797764583
0.73251348101
0.732201023732
0.729873250901
0.7295621852
0.726850238178
0.724091208238
0.723782988933
0.723475031911
0.725023198268
0.724019323671
0.723739617539
0.7234321903
0.723125024125
0.722818118682
0.72251147364
0.722232931108
0.720077071291
0.719771965641
0.722085322655
0.72177962514
0.721501942831
0.718504845408
0.714895252739
0.714593099208
0.714318635735
0.714016969325
0.7123340241
0.718247727186
0.717972314889
0.717669605213
0.717367150684
0.71706495098
0.71676300578
0.713782811663
0.711723082807
0.711423765102
0.715634195743
0.715333486133
0.715005727377
0.713178886302
0.71104837479
0.709606071006
0.709308530914
0.709011240236
0.707800121877
0.711767617162
0.709920468815
0.709623430962
0.70803391506
0.706369717239
0.70440299358
0.702210070631
0.70194351655
0.701650540694
0.710536296746
0.710239981802
0.708958617553
0.707375279367
0.707053879066
0.705397017637
0.705330458139
0.705037059446
0.702551502552
0.705811229502
0.705517996752
0.705225007551
0.704932261595
0.704639758582
0.704347498209
0.704028945087
0.701401446655
0.701110901902
0.706117071334
0.705798246604
0.705506243418
0.704237001391
0.703043968433
0.702727067839
0.700709645928
0.700420357304
0.700131307447
0.703142578564
0.701952993215
0.701663669065
0.701374583318
0.699064020966
0.698776243404
0.698488702678
0.698201398497
0.696942513269
0.698972538763
0.698685389901
0.698398476873
0.697637971566
0.697351734427
0.697091722595
0.696805933435
0.694732136204
0.69333035415
0.696173317451
0.695888372093
0.695629533197
0.695345032719
0.695060764857
0.693688003864
0.693404634581
0.688370021159
0.688089053803
0.687808315715
0.695116977494
0.693696030834
0.693413351115
0.693130901685
0.690109564702
0.686128686129
0.685849545085
0.685570631077
0.685291943829
0.695208895128
0.694926519459
0.690805743181
0.689148802716
0.688869218854
0.686820276498
0.685510023585
0.684348178436
0.682819058841
0.688726121683
0.68749080206
0.686844911919
0.685439105981
0.685162048945
0.684077134986
0.683800851814
0.6834997064
0.683223889358
0.687128712871
0.686826478997
0.683838346829
0.683562847934
0.683262556743
0.683792586087
0.682639549345
0.682340036563
0.682065713972
0.68551804764
0.684512288646
0.684212447527
0.683937823834
0.678678240572
0.678406066572
0.676967930029
0.676696659502
0.67645023852
0.682149097263
0.681876068843
0.681578468813
0.679778957318
0.679507213722
0.6792356873
0.678964377791
0.678693284936
0.678422408476
0.681778615987
0.681506725157
0.678673672767
0.678403245671
0.678133034001
0.677863037498
0.677593255907
0.677323688969
0.675969776942
0.678881179532
0.678586909406
0.67831738581
0.678048076229
0.677778980409
0.676139642239
0.673924799019
0.673657657658
0.673366472156
0.675548194289
0.675280737115
0.67498920708
0.674722192254
0.674455388597
0.674164570607
0.673108006178
0.669969840586
0.673844387023
0.673578475336
0.672786603077
0.672521327694
0.672232174848
0.66986605544
0.669602262557
0.666952943281
0.665378974854
0.667763157895
0.667500625469
0.667262138697
0.665714285714
0.665452857806
0.665191635144
0.6649543379
0.664693506401
0.664432879447
0.664196123147
0.66393588602
0.663675852738
0.663416023063
0.66317999075
0.662920549114
0.662661310391
0.662402274343
0.6621669627
0.661908312915
0.663353684509
0.663094773445
0.662859575072
0.662601049497
0.661846535531
0.66158860625
0.661354299476
0.660388713846
0.660131644136
0.662633980686
0.661692421939
0.66143513609
0.661178050246
0.660167426089
0.659911023233
0.658454805351
0.658199266159
0.657967129858
0.662295081967
0.662038342261
0.661499982386
0.66126703525
0.660095747677
0.657447482318
0.656278578966
0.654969937766
0.654716715872
0.654463689702
0.659478822786
0.659224153063
0.658080364976
0.657826422508
0.656660939089
0.656430749816
0.656177727942
0.655924901047
0.655695227424
0.656212810641
0.655960253315
0.653072645238
0.652821481015
0.652547703921
0.652296943231
0.652046375192
0.651307292212
0.651057296392
0.652621298266
0.652370990237
0.652120874142
0.65187094976
0.65162121687
0.648865060577
0.647503045067
0.647255270298
0.647007685085
0.649054505006
0.648806421349
0.648558527266
0.647824728308
0.647577398306
0.647330257086
0.647083304432
0.646836540128
0.646589963959
0.65264835279
0.652399750675
0.652151337879
0.650496522612
0.649349750968
0.649102790167
0.648856017142
0.648609431681
0.648363033568
0.648600131184
0.648353923666
0.648107902998
0.645379310345
0.645134604116
0.644890083385
0.644645747942
0.643919570307
0.642987437618
0.645702883094
0.645436412408
0.645192340747
0.641924398625
0.64168183848
0.639173133713
0.638931795558
0.638210266264
0.637947592262
0.640518394075
0.640276920968
0.640035629861
0.639794520548
0.639553592825
0.639312846486
0.639072281326
0.638831897141
0.637634592377
0.641290234402
0.638590019469
0.637394154603
0.637154851701
0.63691572842
0.636676784557
0.63643801991
0.636221116488
0.635982693421
0.639422422013
0.639182978723
0.638943714694
0.638704629724
0.638465723613
0.637071280465
0.636833163439
0.635168642369
0.634931413826
0.633336727421
0.637714595915
0.634899101238
0.632424735557
0.632188972108
0.631297218552
0.631062042807
0.630827042215
0.630592216582
0.630357565712
0.630123089409
0.629888787479
0.629654659728
0.629420705962
0.629186925986
0.628974549382
0.628741100651
0.628507825148
0.628274722681
0.631209976407
0.630976045281
0.630742287485
0.630508702825
0.630275291109
0.629167367536
0.628934624697
0.627290146906
0.627079342676
0.631147540984
0.630893216924
0.630660266523
0.629085296289
0.628853184852
0.628621244635
0.627518015753
0.627286738591
0.627055631845
0.629055479292
0.627932661736
0.627701572432
0.627470653155
0.627239903718
0.626140427096
0.624507249282
0.623476373351
0.621244491921
0.626956318617
0.626726265928
0.626496382007
0.624
0.623771283863
0.623542735327
0.62244863983
0.62222074291
0.622013708658
0.625844004657
0.625594307943
0.625365594257
0.625137047742
0.624045167718
0.623817270343
0.62358953936
0.623361974588
0.623134575844
0.62341709209
0.623189846572
0.622962766662
0.622206033312
0.621979476994
0.621753085603
0.621526858957
0.621280253935
0.621054371178
0.621357298619
0.620603098061
0.619453248811
0.619228357372
0.619003629165
0.618779064015
0.618554661743
0.618330422173
0.618106345127
0.619265601844
0.619041348433
0.618093263567
0.617869596684
0.617646091618
0.617028270874
0.616805231507
0.615051079066
0.614828922309
0.615000820614
0.614647591547
0.614163413914
0.613941897829
0.612343898522
0.612123197903
0.611902656317
0.610307118067
0.610087389127
0.615168171705
0.614946852003
0.614725691493
0.613132006406
0.612931682295
0.612711476909
0.612491429691
0.61227154047
0.612051809076
0.611571326071
0.611743226942
0.611523921262
0.611304772764
0.611085781281
0.610866946642
0.61064826868
0.609063404795
0.60793495935
0.606677286174
0.611724944755
0.610596757951
0.610378645191
0.6101606882
0.609034267913
0.607778895124
0.606200142681
0.605983986515
0.605767984446
0.608402708043
0.608185998316
0.607969442916
0.607753041677
0.604690279799
0.604216516847
0.604001680835
0.603786997544
0.603572466811
0.60619954795
0.605984312966
0.605769230769
0.605554301197
0.605339524086
0.605124899275
0.604008248486
0.602892388959
0.602678858909
0.603624191316
0.603410553411
0.603197066675
0.601954858208
0.601742037091
0.60140084822
0.601188373213
0.600976048289
0.599865198832
0.602027720739
0.601815324417
0.60070535428
0.600493573924
0.600281942842
0.600070460878
0.599859127873
0.598303728597
0.598093166112
0.599226021045
0.599015282307
0.598804691745
0.598594249201
0.598383954521
0.596832897005
0.596623368334
0.596031138336
0.595822037952
0.597334693617
0.59712528285
0.596916018861
0.596687898089
0.596478940499
0.596270129209
0.595679699679
0.595471314082
0.594245747894
0.595054979978
0.594847031166
0.594512195122
0.594304581098
0.594097112028
0.593889787761
0.593663780801
0.593456758813
0.591918871811
0.593359944244
0.592899895494
0.592693427884
0.592487104022
0.592154381525
0.591948388729
0.591742539201
0.591536832791
0.59133126935
0.590601907409
0.590415456497
0.589705557484
0.589500914884
0.589296414267
0.589092055485
0.586303614762
0.586100434755
0.584908037289
0.586153700847
0.587587335557
0.586125530911
0.58592275758
0.585720124501
0.585517631529
0.585296889727
0.585094689237
0.584892628406
0.58469070709
0.589634184602
0.587549004234
0.587346375721
0.587125485772
0.586923149221
0.586720952083
0.586518894211
0.586298626107
0.586096858966
0.585895230649
0.585693741012
0.584099006188
0.583898278609
0.583697688944
0.583497237052
0.579863928594
0.57966492996
0.583520459082
0.583320342946
0.582104902297
0.581905414668
0.58170606372
0.58100871731
0.580187358003
0.579988799701
0.579790377259
0.58245243129
0.580885780886
0.580687255328
0.580488865422
0.580290611028
0.580074487896
0.579876516397
0.57868618572
0.57607044306
0.579965286387
0.579767621998
0.5795700923
0.579142927917
0.578945739313
0.578748684943
0.576139070185
0.574891774892
0.574078081048
0.573900682921
0.577721487705
0.57653707192
0.576341297771
0.576145656534
0.575950148075
0.575754772258
0.575559528948
0.57536441801
0.57516943931
0.577376736165
0.576134474478
0.575939433109
0.575744523751
0.575549746271
0.575355100535
0.572947721056
0.572754086273
0.572560582327
0.573411114523
0.573217519413
0.570446735395
0.570254271079
0.570061936592
0.569256704981
0.569082273633
0.568890522576
0.568698900695
0.570037957634
0.569846078521
0.569654328541
0.569445293866
0.569253813469
0.569062461802
0.568871238735
0.56868014414
0.568489177886
0.568298339844
0.568107629885
0.567899728584
0.567709286019
0.567518971139
0.567328783817
0.567138723923
0.566948791329
0.566758985909
0.56935106027
0.569160583942
0.568970235019
0.568780013373
0.568589918877
0.568399951403
0.565416729923
0.565227948765
0.565039293625
0.569400630915
0.567452014919
0.567262806911
0.567073725039
0.566884769175
0.564498546512
0.564310579688
0.564139809351
0.563952081317
0.563764478181
0.563576999819
0.563389646106
0.563202416918
0.563015312132
0.562828331622
0.562037847463
0.561834364157
0.561647967185
0.562486809178
0.562300319489
0.562113953418
0.561927710843
0.561320044564
0.561134188189
0.559383745073
0.559198652388
0.559013682153
0.561895027956
0.561709288698
0.561506804049
0.561321321321
0.561135961094
0.56047055999
0.560285602856
0.560100767754
0.559916054565
0.562368878499
0.562183539563
0.561998322751
0.561796407186
0.561611445332
0.560409311232
0.560224927467
0.559622054778
0.559421329507
0.560671706457
0.560487484318
0.5603033832
0.559104477612
0.558920951329
0.558720878203
0.558537603626
0.558354449247
0.557396590774
0.557988500611
0.557805706117
0.55762303135
0.55744047619
0.557241461383
0.557059155935
0.556876969733
0.555922128102
0.555740432612
0.557341016426
0.557158976186
0.55696052241
0.555769858461
0.555588514476
0.555407288794
0.554455445545
0.554274707364
0.554094086977
0.553897180763
0.5537168063
0.553536549275
0.553356409574
0.553176387082
0.552996481684
0.552816693267
0.552637021717
0.552441149541
0.552261721979
0.552082410933
0.551903216288
0.551724137931
0.551545175749
0.551366329629
0.551187599458
0.550992753196
0.5508142651
0.55322656618
0.553047470496
0.552809649897
0.552630804976
0.551805245208
0.551626840667
0.551432349052
0.551254185514
0.551076137064
0.550898203593
0.550720384988
0.550542681138
0.550365091933
0.550187617261
0.550010257011
0.549833011074
0.549655879338
0.549462774834
0.54998829314
0.54975277217
0.549575899386
0.549399140376
0.549222495031
0.547994039097
0.547817958754
0.547626000117
0.547450156172
0.547741333022
0.547565564923
0.547389909595
0.547214366928
0.546339473071
0.546164379571
0.545989398264
0.545798637396
0.545623890328
0.546089385475
0.545914657204
0.54574004071
0.545565535886
0.545391142625
0.54521686082
0.544461869083
0.544272194159
0.544098441536
0.544505048161
0.544273325793
0.544083963933
0.543910497942
0.543737142526
0.542810798285
0.542637903576
0.542465118972
0.542292444367
0.543624161074
0.543451227624
0.543278404163
0.543105690587
0.54218190223
0.541993992606
0.541821856504
0.541649829706
0.54147791211
0.541306103611
0.541134404106
0.540962813491
0.538716463502
0.538545747868
0.538375140397
0.538204640986
0.538034249532
0.537863965934
0.537678324896
0.537508266483
0.537338315608
0.535616792621
0.535447546823
0.535278407949
0.535109375897
0.534940450567
0.534771631857
0.536954713626
0.536785366133
0.535813580212
0.53564469914
0.535475924494
0.535307256171
0.535138694072
0.534970238095
0.534801888142
0.53543442201
0.53525072903
0.535082454486
0.534914285714
0.534746222616
0.534578265091
0.533611166614
0.532359319712
0.532192269291
0.535219300747
0.53505145822
0.53488372093
0.533903133903
0.533223206403
0.533056204089
0.53288930635
0.532707355243
0.531232222096
0.532885944209
0.532719313207
0.532537652742
0.532371239453
0.530046575031
0.529881043636
0.529715615599
0.528472123705
0.528307238484
0.532906116199
0.532739951244
0.532573889881
0.532392850061
0.530754417762
0.527927978937
0.5267447784
0.526071580139
0.524776558434
0.529137331411
0.528464017186
0.528299754161
0.526836158192
0.526672502895
0.526508949241
0.526345497135
0.526196992354
0.526033733852
0.52733681094
0.527173300259
0.527009890946
0.526846582906
0.526668544072
0.525041524732
0.524878982326
0.52473130381
0.524568953394
0.524406703408
0.52424455376
0.524082504356
0.523920555103
0.523758705909
0.52359695668
0.523435307325
0.523288439955
0.52312698101
0.52296562167
0.522804361842
0.522643201435
0.522482140356
0.522321178513
0.522160315816
0.521999552172
0.52183888749
0.521692914487
0.521532438479
0.522658019066
0.522497345034
0.522322176901
0.522161709258
0.522001340183
0.521841069584
0.521680897372
0.521506276151
0.521346309361
0.521186440678
0.521026670011
0.52086699727
0.520692920403
0.520533452126
0.520374081496
0.520214808425
0.520055632823
0.51988209777
0.519723125678
0.519564250778
0.519405472982
0.519246792201
0.519088208346
0.518582253185
0.518423973363
0.518265790131
0.5181077034
0.518282371857
0.518124376455
0.517966477351
0.517794333509
0.517636635473
0.517479033463
0.517321527393
0.517164117175
0.516992506153
0.518438657599
0.518281055686
0.518123549563
0.517966139144
0.517808824341
0.516561775422
0.515135627363
0.514979310345
0.514823088166
0.516707101897
0.515282639253
0.514354989805
0.514199146123
0.51404339685
0.5138877419
0.513732181188
0.513576714628
0.513421342134
0.514695774106
0.514540157221
0.514384634408
0.514229205582
0.514059753954
0.513904521372
0.512322300895
0.512167686356
0.512013165112
0.514545803515
0.513129762623
0.512975091113
0.512820512821
0.51266602766
0.512511635547
0.512357336399
0.512189115981
0.510557986871
0.51215443931
0.511508392105
0.511354630667
0.510217462572
0.509791069234
0.509624047834
0.509471040996
0.509318126006
0.509165302782
0.511957677729
0.511804154626
0.511650723571
0.511497384481
0.511330210263
0.511177063196
0.509064184223
0.508911807124
0.508759521219
0.509368796062
0.509216464575
0.50905038865
0.50813748132
0.507985658409
0.507833926195
0.507682284597
0.507530733534
0.507365508261
0.507214146236
0.507062874495
0.506911692958
0.506435442352
0.50628453787
0.506133723292
0.505982998538
0.505832363528
0.505681818182
0.507641124124
0.507490130334
0.50733922634
0.507188412064
0.504944075215
0.504794058069
0.504644130036
0.504494291036
0.50434454099
0.504896274515
0.504746494067
0.504596802459
0.504447199612
0.504297685447
0.504148259886
0.503998922849
0.503849674258
0.503700514035
0.50403572966
0.503886602652
0.503737563861
0.503588613209
0.503439750618
0.503290976009
0.503142289305
0.502993690428
0.5028451793
0.502696755843
0.50254841998
0.502400171632
0.502252010724
0.502103937177
0.501955950914
0.501808051858
0.501660239931
0.501512515058
0.502475446249
0.502341011852
0.502193217075
0.502045509238
0.501897888265
0.501750354079
0.501602906604
0.501455545763
0.50130827148
0.501961831042
0.501013982282
0.500866967215
0.500720038402
0.500573195766
0.49829424307
0.49814819749
0.498002237494
0.497856363007
0.497723823976
0.499813700963
0.499667420514
0.499521225662
0.498577392507
0.498431601893
0.498285896516
0.498140276302
0.496560516321
0.49642866626
0.498778933956
0.497571849375
0.497426646151
0.497281527649
0.497136493796
0.495878283457
0.495733743177
0.495589287133
0.495444915254
0.496677345053
0.496532740458
0.495012303866
0.494868267908
0.494724315748
0.494580447311
0.494449730415
0.494306021613
0.494162396323
0.498085505295
0.497940865892
0.49779631047
0.497058280347
0.496122804241
0.495978905735
0.494938844369
0.4942286407
0.49408541244
0.494943109987
0.494799757761
0.49465648855
0.494513302282
0.494370198885
0.494227178287
0.493821317768
0.492732290708
0.492589867564
0.494076234008
0.493670886076
0.493528315262
0.493385826772
0.493243420535
0.49310109648
0.491332966197
0.491204152793
0.491062536038
0.493541202673
0.493398994132
0.49325686752
0.493114822766
0.492972859797
0.492830978545
0.490910517643
0.490769311228
0.490628186025
0.492264269287
0.492122795558
0.491981403124
0.491578974854
0.491437819777
0.49129674574
0.491155752674
0.49101484051
0.48925740509
0.489117118056
0.490840390879
0.490699734278
0.490559158268
0.490418662779
0.490278247742
0.490150667465
0.489750260146
0.48955813893
0.489418126982
0.48959010215
0.489450161106
0.488063384855
0.487923959902
0.487784614586
0.487645348837
0.487506162589
0.487107652399
0.486035113197
0.490148294099
0.49000855299
0.488003316578
0.487864266287
0.486534079138
0.486408118884
0.486010818645
0.485872490168
0.48573424041
0.488647530385
0.488508570099
0.488369688825
0.487042348138
0.486903962391
0.485939315688
0.48445890128
0.484321366815
0.484183910418
0.48724496376
0.48559861788
0.485460919777
0.485323299745
0.484670479724
0.484533161623
0.484383448773
0.482238467875
0.482101958362
0.486030357602
0.485880355949
0.485742935747
0.485297141682
0.485159964024
0.485022863896
0.481649844621
0.48151381329
0.481377858775
0.484885809597
0.484736545072
0.484599799964
0.484450711447
0.484314127537
0.482435237144
0.482286943825
0.482151088348
0.482002969638
0.481867274077
0.481719329666
0.481583793738
0.481448334058
0.481300646745
0.481165346282
0.481030121867
0.480882690982
0.482790317639
0.482642434143
0.482506953837
0.482359243858
0.482211624289
0.482076385702
0.481928939185
0.48179385909
0.481646585322
0.481511663441
0.481364562118
0.481217550646
0.481082868992
0.480936029505
0.480801505365
0.480654837562
0.480508259212
0.480373974238
0.480887918116
0.48074139901
0.48060716824
0.480460820138
0.480314561136
0.479521188912
0.479375301067
0.479229501964
0.479095930675
0.478950301434
0.478804760699
0.47867142604
0.478526054716
0.475951929159
0.475819506273
0.475675128957
0.475542860032
0.478077379899
0.477944520236
0.477799666616
0.477654900773
0.477510222626
0.477377677963
0.476325017028
0.476180869039
0.476944409429
0.476800161303
0.476656000403
0.476511926652
0.475461435802
0.475329775451
0.475186229112
0.474690550468
0.473993963783
0.475661269235
0.475529748888
0.47538635507
0.475243047705
0.475099826716
0.47405287339
0.473921991868
0.473428012245
0.474539708022
0.474396910577
0.474266088395
0.474123455552
0.473980908476
0.473487789606
0.472444099457
0.47176329228
0.471621621622
0.473293137525
0.473151089213
0.472809101138
0.472667283225
0.472537358189
0.471496377717
0.471355077169
0.471213861287
0.472182703107
0.471841704718
0.471700466462
0.471559312735
0.471429996011
0.471289004087
0.471148096472
0.470558931952
0.470430040589
0.470737596774
0.47059701864
0.470468229089
0.470327811769
0.470187478244
0.470047228436
0.469024129619
0.467194991678
0.467949832361
0.467822028007
0.46768268467
0.467543424318
0.466511212542
0.465838355281
0.465699764473
0.465561256103
0.465434362456
0.466286846668
0.466159827642
0.466021340331
0.46588293528
0.465756136184
0.465617888592
0.46434223541
0.464215964995
0.46407829375
0.46498987004
0.464852047621
0.464714306879
0.464132313009
0.463315317983
0.463178151136
0.46206590371
0.461940574528
0.463491593946
0.463354527084
0.463228953657
0.463092042068
0.461527097235
0.460712879086
0.460576828428
0.460452185893
0.460316289136
0.461273666093
0.460706472309
0.460581932567
0.459807389937
0.459683163453
0.459547720186
0.459423633954
0.459299614714
0.458526532715
0.461591288139
0.460474695959
0.459909302611
0.459774058372
0.458707954629
0.458584374235
0.458449635179
0.458326193915
0.459268322525
0.459133498055
0.458998752721
0.458875305623
0.458740711772
0.458606196853
0.457396912253
0.457262869981
0.456505285774
0.459544555905
0.459421209311
0.458310972337
0.457737892016
0.457615135188
0.457481293719
0.457358674464
0.457224982948
0.457102501035
0.458051322004
0.457917538821
0.457345856246
0.456591014133
0.456457770969
0.456335699699
0.456202605483
0.456080670635
0.456482133748
0.456360192336
0.456238316055
0.456116504854
0.455994758681
0.455873077483
0.455740408401
0.455618862892
0.455497382199
0.455860615019
0.455739134648
0.455617719005
0.455496368039
0.454648882864
0.454527854412
0.45439589684
0.454275003023
0.45371892833
0.455097058041
0.454976074242
0.454033680446
0.453913043478
0.453068025404
0.452947708947
0.452827456375
0.452707267638
0.452587142685
0.453190565765
0.453070376353
0.452950250675
0.452830188679
0.452710190316
0.452579355522
0.452459490044
0.452339688042
0.452219949465
0.453688110475
0.453568078505
0.453437206954
0.452692307692
0.451467160126
0.450627072221
0.450508010472
0.449428489098
0.449309806746
0.451975231604
0.450176356264
0.450057570524
0.449938847454
0.449809402795
0.449690810604
0.449572280929
0.449453813722
0.449335408933
0.450605755878
0.450487110132
0.45036852685
0.450250005981
0.449653193016
0.44952417388
0.448306361007
0.448188509703
0.448070720344
0.449051736493
0.448933782267
0.448815889992
0.448687350835
0.448569587936
0.448451886837
0.44833424749
0.448216669846
0.448099153855
0.448887194395
0.448769564285
0.448651995808
0.448534488916
0.448417043561
0.447395349944
0.447267623058
0.447150604129
0.447033646415
0.44720201588
0.446799914443
0.446672527264
0.446555819477
0.446439172663
0.446322586772
0.446206061757
0.445282839787
0.445166646898
0.446805483091
0.445824837593
0.445698032709
0.445571299938
0.444544463922
0.444428656009
0.444312908419
0.444197221104
0.444081594018
0.44510161111
0.444654683065
0.444528516031
0.444412925797
0.443919270218
0.443803898405
0.443688586546
0.443573334593
0.4434581425
0.443626236163
0.443227937706
0.443112924913
0.442987524468
0.442872636394
0.442757807896
0.442643038929
0.442528329446
0.442413679401
0.442299088747
0.442184557439
0.44207008543
0.441955672674
0.440429986122
0.440316056815
0.440202186435
0.440088374935
0.439974622271
0.442069159932
0.441944574918
0.44183043366
0.43993239754
0.439433050171
0.439319648094
0.438773834932
0.438650378672
0.438516712765
0.438815203637
0.438702120183
0.438578822868
0.438465861197
0.438342696629
0.438229856544
0.4376959431
0.437562858145
0.438235087801
0.438112157834
0.437999532601
0.437876734732
0.437764230491
0.437641564507
0.437529181063
0.436986557132
0.436864209053
0.437151587246
0.437039455275
0.436917195076
0.435639872282
0.435507921715
0.435386192118
0.435264530551
0.435132807226
0.435895645698
0.435784085621
0.435662448828
0.435551008069
0.435439624308
0.435328297501
0.43520691498
0.435095707118
0.434984556074
0.435430694219
0.435309409962
0.434780590815
0.434669636229
0.432656847965
0.432536462077
0.432426167184
0.432305909618
0.431639674706
0.432965811174
0.432845498333
0.432735270286
0.432625098366
0.43251498253
0.431793471975
0.431683626272
0.431573836443
0.431464102446
0.433156933885
0.433036848793
0.432926829268
0.432816865634
0.432706957847
0.432587122086
0.432477330934
0.430014762871
0.429905679958
0.433567723343
0.432443645416
0.431919257092
0.43061186878
0.430492860433
0.428173424512
0.428065006215
0.427956642809
0.433416160501
0.43329653142
0.432947019868
0.432423733879
0.431762813146
0.431653684428
0.428778168286
0.427797170678
0.427689128688
0.433044116972
0.432934805058
0.432815618619
0.431824958143
0.431486746767
0.430955437374
0.430846797296
0.429592631627
0.428155851295
0.431483008152
0.431374344651
0.429562152388
0.429454029564
0.429345961156
0.428140151862
0.428032468275
0.427924838842
0.427817263524
0.43049716688
0.429246899198
0.429139072848
0.429021505867
0.42763563326
0.426433004746
0.426316269733
0.425525121445
0.425418395732
0.427399133804
0.427291994257
0.426638111729
0.426521501458
0.425777069338
0.425533852388
0.425427316385
0.425311156113
0.425204731574
0.425962566237
0.425846349726
0.425739873619
0.425623778576
0.425507746831
0.42540143996
0.423786925819
0.42368110415
0.423575335315
0.425411230856
0.425305085515
0.425198993129
0.425092953659
0.424977334542
0.424871405588
0.42336097141
0.423245912035
0.425359447526
0.425253531329
0.424504390332
0.423131745062
0.423026464601
0.421961919407
0.421856984604
0.42175210198
0.421637744035
0.422617299569
0.422512308596
0.422407369776
0.421851015801
0.421746293245
0.420739136321
0.420634741615
0.420485296771
0.420381016796
0.423116801154
0.423011920589
0.422907092007
0.422802315367
0.422292276514
0.421232722525
0.421128440573
0.419998649956
0.419894722635
0.422165249854
0.420666861524
0.419618773602
0.419515045282
0.419411368232
0.419307742414
0.41921358155
0.419100644321
0.418961686082
0.420698321515
0.420585068198
0.42048130621
0.419929144805
0.419063417696
0.418287763335
0.418184669848
0.418081627167
0.417978635254
0.420383306466
0.420279798545
0.419719381476
0.419616090205
0.419512849762
0.418649373882
0.418546421945
0.418434168473
0.41833132234
0.418943370937
0.418840450241
0.418737580101
0.41863476048
0.417862482983
0.417759928603
0.41765742455
0.417554970786
0.417452567275
0.418776747504
0.418664765131
0.41856216722
0.417702347543
0.416932018081
0.416829919858
0.416149206561
0.416047349918
0.415945543123
0.417845387421
0.417743190661
0.417142730122
0.417040757367
0.416094558866
0.415992892048
0.4158912749
0.415114446196
0.415013095397
0.417707755464
0.416895909131
0.416794197884
0.41540644818
0.415305149748
0.415194698699
0.415093503501
0.414992357619
0.414891261018
0.417969268919
0.417867498949
0.417765778525
0.417664107613
0.417562486176
0.417460914177
0.417350164703
0.41724869596
0.416705336427
0.418106304953
0.417995494501
0.417231557332
0.417130242826
0.417028977511
0.416530603239
0.41642034676
0.416319329584
0.415689214216
0.417175479974
0.417074353211
0.416973275463
0.416334441973
0.416233594645
0.415472337802
0.414975568957
0.414875123776
0.412081747586
0.416380751298
0.416280041338
0.416179380084
0.415243621019
0.415143258921
0.415042945324
0.414406500494
0.414306415492
0.414206378822
0.414633075843
0.414533008622
0.413897479766
0.413797640454
0.412996294916
0.412896721024
0.412797195135
0.412688676145
0.412589250515
0.413497120585
0.413397548161
0.413288978377
0.413189506159
0.413090081813
0.412553307818
0.4124360488
0.412327868852
0.41221974564
0.412889131622
0.412780920349
0.412672765781
0.412555662272
0.411836592179
0.411728772144
0.41162100855
0.411513301352
0.411396682144
0.411289092296
0.411181558708
0.411074081335
0.410966660134
0.41085929506
0.41075198607
0.41064473312
0.410537536166
0.410421469271
0.409705613776
0.409598747989
0.408970402886
0.408863784488
0.408766099781
0.40826873385
0.409160968197
0.408446730473
0.408349244923
0.408242950108
0.408136710618
0.408039372981
0.407933239406
0.407827161029
0.407721137806
0.407623998267
0.407518080637
0.407412218037
0.407306410423
0.407209468377
0.406714400052
0.406608853615
0.406512150826
0.40640670932
0.406310102647
0.406204765917
0.40609948379
0.405225653207
0.405120677
0.405024496579
0.404919624555
0.404814806825
0.405538302277
0.405433376455
0.405328504915
0.405232420318
0.405127652698
0.405022939238
0.404496317671
0.40439181916
0.403727777539
0.40522453898
0.404689684845
0.404034755678
0.40393050658
0.403826311264
0.403730846103
0.403626753755
0.402577596391
0.40501653567
0.404912190304
0.402927729722
0.402823973734
0.400454818502
0.398816035004
0.398713412673
0.398619388586
0.398525408835
0.402245650124
0.402142245073
0.402047503802
0.401216195962
0.401121719399
0.401027287319
0.400077028415
0.399974330453
0.398340426442
0.40196707291
0.400461725914
0.400367584202
0.399581232373
0.3987183595
0.39708708837
0.396985353773
0.396892142842
0.396798975672
0.399223400397
0.398310688309
0.398217255939
0.398123867392
0.39802203892
0.397928741902
0.396301582905
0.396200293923
0.39512797581
0.398143614417
0.396850058529
0.396757170823
0.39666432659
0.396563091516
0.395619817138
0.395518898006
0.395426434021
0.396523882373
0.396431226766
0.396330197294
0.396237632171
0.396136701337
0.396044226566
0.395951794959
0.394663159681
0.393044215884
0.39380061909
0.392852600789
0.392761024815
0.392669491525
0.39257800089
0.392486552878
0.392386839988
0.392295481003
0.392204164551
0.397655869846
0.394466888048
0.394375132163
0.394283418955
0.392492549616
0.39240131857
0.392310129925
0.391585350399
0.391486126948
0.392028541873
0.391937526382
0.391838284943
0.391747357762
0.391656472772
0.391565629942
0.391466576723
0.391375821952
0.391285109252
0.396789618925
0.395012846974
0.394921356832
0.394821597727
0.393888374442
0.393797210007
0.393697806012
0.393606729758
0.393515695633
0.394257246758
0.394166106254
0.394075007879
0.390908899952
0.390818598009
0.390728337777
0.390629919607
0.389700327373
0.38961038961
0.389520493351
0.389422472004
0.389332662432
0.389242894273
0.389153167501
0.389055330917
0.388965690587
0.388876091554
0.392044383963
0.391954119223
0.391863896039
0.390844996757
0.390755072161
0.390665188934
0.390567181653
0.390477384834
0.390387629297
0.390289761213
0.3902000919
0.390110463781
0.390012734598
0.38992319252
0.389249420946
0.389151976635
0.389062695532
0.388973455387
0.38887614918
0.388786994581
0.388697880853
0.388608807966
0.388511684092
0.388422696512
0.388333749688
0.388236763237
0.388147901538
0.388974412315
0.387962231188
0.387873495103
0.387784799601
0.386989504313
0.386277687736
0.386069114471
0.385980939726
0.387420861443
0.386693782684
0.386605531235
0.386509302856
0.38550868898
0.385420770012
0.385324904135
0.385237068966
0.387718316862
0.387621947431
0.387533650859
0.387437373194
0.387349160681
0.387260988329
0.387164846077
0.387076757606
0.38698870921
0.387512921232
0.387424815527
0.387328745893
0.386620940418
0.386533099246
0.386437318025
0.386349560263
0.386253869969
0.386166195497
0.387811520053
0.387715535022
0.387627590473
0.387539685812
0.387443835278
0.38735601393
0.387260254218
0.387172516065
0.387076847047
0.386989191971
0.386901576586
0.386806041401
0.386101339258
0.38600604677
0.385918736634
0.385831465987
0.385243037715
0.386183372375
0.386096102882
0.385466943252
0.385379876797
0.385284940056
0.385197955791
0.385111010793
0.384523858368
0.384437106467
0.384842519685
0.384747847478
0.384661105532
0.38456652255
0.384479862335
0.383819764465
0.383725454061
0.383639043564
0.383061462576
0.384031429682
0.383945010433
0.383850779237
0.383191902668
0.3826968681
0.382603008502
0.382517010973
0.382431052094
0.382337322822
0.383313254242
0.383227176221
0.383133317005
0.383047319771
0.382545543565
0.381032021212
0.380253257478
0.380160234848
0.382586719928
0.382500967867
0.382415254237
0.380896130346
0.380810816314
0.380717790037
0.380632555868
0.380539616652
0.380454462233
0.382354735707
0.382269215128
0.382175963571
0.382090522936
0.381997358529
0.381911997725
0.381818920346
0.380068630835
0.379976045959
0.380987173242
0.380902136639
0.380809412719
0.380724455442
0.380631817997
0.380546939934
0.380454388845
0.380369589885
0.380601247873
0.380516455696
0.380423998218
0.380339284991
0.379923092491
0.379838530179
0.379746323306
0.379661839657
0.379172985542
0.38021307134
0.380128541978
0.380036370984
0.379621025413
0.379294326742
0.37860431306
0.378512596899
0.378428562779
0.378344565963
0.379100262255
0.379016155382
0.378440505717
0.378356584146
0.378272699788
0.378181231991
0.377775091664
0.377683786506
0.377600128874
0.378563375745
0.378149907415
0.377663748868
0.377572575291
0.376805181222
0.376714256988
0.376630948312
0.376547676475
0.37625592798
0.375168257157
0.375085365364
0.373348327242
0.373265875645
0.373175969973
0.373093594477
0.373003771768
0.37292147227
0.373440821401
0.373350976382
0.373268656417
0.373186372745
0.373104125343
0.373014442241
0.372932270597
0.372850135149
0.372768035872
0.376360870957
0.376278036775
0.376187713788
0.376097434154
0.376007197841
0.375364810299
0.375274791159
0.374825174825
0.374742813767
0.37605096559
0.375401816911
0.375319386777
0.374431228546
0.374341580208
0.374251974787
0.373252497856
0.370930116638
0.37607144281
0.375503208577
0.37541342897
0.375323692283
0.375233998486
0.375151816824
0.375062205148
0.374972636271
0.374326018185
0.374084977721
0.373995704399
0.373906473676
0.373817285521
0.373735567082
0.373646460432
0.373120394096
0.372594578493
0.375007445351
0.374925562746
0.374836277039
0.374747033848
0.374657833142
0.37456867489
0.374479559063
0.374390485629
0.373865482938
0.374687958157
0.374163134334
0.374081628612
0.373992753767
0.373911322249
0.373822528299
0.373385038482
0.372861240233
0.374006249258
0.373482541817
0.373401332305
0.372885375494
0.371611475539
0.371523388116
0.371435342444
0.370991944401
0.369206474536
0.370816229871
0.370728435009
0.370640681711
0.369653105094
0.368776986928
0.368689755771
0.368602565871
0.365165993498
0.37228908543
0.371735791091
0.370742272101
0.369946065116
0.369268311883
0.36918839154
0.368668489486
0.368581486362
0.367479355092
0.370066048121
0.369514376118
0.368719913547
0.368640238872
0.368560598621
0.368480992774
0.368401421308
0.368314655257
0.36654762372
0.369215074647
0.369135415032
0.369048552828
0.368302389868
0.368222980125
0.368143604617
0.368057052174
0.366293191256
0.365822611284
0.369111485296
0.369024781741
0.368436503122
0.368357204352
0.368270735524
0.367057166885
0.36697104198
0.366884957482
0.36894873649
0.368869436086
0.367493651104
0.367414698932
0.366398500351
0.366312665938
0.366226871731
0.366141117702
0.365431135388
0.368622249961
0.368543181951
0.368456964616
0.368377967489
0.367792349514
0.367706364823
0.367082197117
0.366691982629
0.365905418297
0.367111768599
0.366877493432
0.366791836099
0.366706218755
0.366620641372
0.366535103922
0.365873571262
0.365788246269
0.366946452164
0.36686804328
0.364731015731
0.364646033164
0.364561090189
0.364049217871
0.363033101789
0.362955634445
0.362871162313
0.365734008105
0.36565601737
0.36468650063
0.36460170132
0.364097795343
0.364013170637
0.36393563254
0.36385108319
0.365128522762
0.3648431604
0.364758459247
0.364673797412
0.364589174869
0.363840235085
0.363755846766
0.363671497585
0.363587187512
0.364693384838
0.364608878676
0.36406108226
0.363969736741
0.363885458475
0.363794201053
0.362784238847
0.362700295019
0.364165638495
0.363009078118
0.362925137296
0.362841235286
0.362764359182
0.362218370884
0.361403103462
0.361326583643
0.362474742615
0.36239802986
0.361244157193
0.361160791554
0.361084406845
0.36100805444
0.360924797725
0.360848512797
0.360772260109
0.36141894098
0.360612926764
0.360536773599
0.360453734093
0.360377648142
0.360301594306
0.360218663086
0.360142676332
0.360066721629
0.361172343729
0.360981218858
0.360905136901
0.360829087008
0.360753069159
0.359597893729
0.359522168619
0.359446475396
0.359363937312
0.359785727951
0.359212715901
0.359130285124
0.359054756806
0.35897926025
0.358896936572
0.358821506362
0.358746107853
0.358663891064
0.359734209119
0.359658667888
0.359583158377
0.359500820517
0.358624110499
0.358542028267
0.358466819222
0.358384808968
0.359598963099
0.358913768461
0.358152650231
0.358070783649
0.357988954485
0.357723577236
0.35764186321
0.357566991474
0.357485348961
0.358019289668
0.357937579642
0.357862711542
0.357781072963
0.357706270313
0.357624703088
0.357543173053
0.357468469837
0.357387011014
0.357768031744
0.35769332979
0.357611872319
0.357537235556
0.357462629942
0.3573812775
0.35730673695
0.357232227488
0.357150979872
0.358592462054
0.358517732646
0.358095310251
0.35802071695
0.357939377875
0.3570319894
0.356307482684
0.356233326396
0.357968410101
0.35789394054
0.357548026017
0.357473676251
0.357399357399
0.356638071124
0.35573271872
0.355652091793
0.355087242239
0.356637151434
0.356563101665
0.356180411398
0.356106488557
0.356025880444
0.355952021726
0.355538795135
0.354968235715
0.354894643598
0.356403926963
0.356323354873
0.356249529119
0.356169026815
0.356095264991
0.356014832383
0.355564755919
0.355491166344
0.35541092154
0.355638305875
0.355558062575
0.35548453802
0.355411043867
0.355330903078
0.35525747243
0.354275840048
0.354202659055
0.353303418884
0.355551384327
0.355477986713
0.355210326842
0.355137031271
0.354494476848
0.353971349284
0.353891721656
0.353331459095
0.354382940449
0.35411592791
0.353668358651
0.353588884103
0.352954392271
0.351384235254
0.351298749906
0.351219877264
0.351134471858
0.353629801399
0.353407497429
0.351832813055
0.351753910557
0.351668472778
0.351583076492
0.351310973332
0.351232262883
0.352789651504
0.352717229024
0.352638256586
0.352565896245
0.352486991552
0.352414693269
0.351851161403
0.351257152443
0.35207960644
0.352000894254
0.351556242666
0.351477681149
0.3509588531
0.35088699019
0.350138648503
0.349434355463
0.349362849967
0.351479532055
0.350961359664
0.35088958709
0.350365234847
0.350287105346
0.349100772889
0.348397882419
0.348320240682
0.348249099484
0.349922961258
0.349851521901
0.349773621317
0.349702242918
0.348956691088
0.348625894745
0.348554795409
0.348477265566
0.348406226835
0.349446925201
0.348702369264
0.348631329407
0.348560318489
0.348482885018
0.348411934552
0.348341012972
0.348263676898
0.347378935297
0.349823386903
0.349745770546
0.34967465247
0.349159997782
0.349082577283
0.348753002032
0.34868214477
0.347349177331
0.349235654678
0.349164743886
0.348829054939
0.34809402561
0.34802339095
0.347946367644
0.346843192211
0.34633040208
0.345817819884
0.348726642833
0.347661071909
0.347590627763
0.347513812155
0.347443427667
0.347373071684
0.347296352192
0.347226055755
0.346640665244
0.348329899941
0.347965207157
0.347453576025
0.347376934672
0.347012662415
0.346936150666
0.346866044529
0.346061307326
0.345985052976
0.347897925464
0.34753400268
0.347457471602
0.347093791281
0.346546821976
0.346470555871
0.345960614617
0.345890850428
0.345814776122
0.346551345012
0.346475157555
0.346405348475
0.345816470416
0.345453879673
0.345384319684
0.345308468
0.345238966552
0.3456753988
0.345605852766
0.345530016274
0.345460528721
0.345391069111
0.34531532684
0.344953592049
0.344877977495
0.34480869327
0.345025288951
0.344956004235
0.34488674734
0.344811226073
0.344742027293
0.344666569386
0.34459742865
0.344522034022
0.344452951256
0.344887916894
0.344818789745
0.344451933762
0.34438292292
0.344089154345
0.344020245053
0.343732935309
0.343657870792
0.343589090446
0.343514088734
0.343445365925
0.34337042694
0.343301761594
0.343233123705
0.343158277303
0.343089696771
0.343014912902
0.343200639256
0.343132092601
0.343057345653
0.34298885622
0.342914171657
0.342845739373
0.342523398389
0.340635427245
0.340567491615
0.342306088785
0.341404182826
0.340351512955
0.340277526177
0.340209733215
0.339846084201
0.339778405388
0.339704604692
0.339636982211
0.339852725661
0.339785101841
0.339711361088
0.339318325649
0.339244716814
0.339177270098
0.339103722443
0.339036331774
0.338276466232
0.339942933507
0.339652619796
0.338682600141
0.338609251205
0.338253338145
0.33818011257
0.338113016972
0.338045947993
0.338766090939
0.338698920273
0.338337328119
0.33827027027
0.338203238998
0.338130144265
0.338063168509
0.337996219282
0.337923213996
0.338864094443
0.338215185318
0.337788490943
0.337721664688
0.337648793469
0.33675505618
0.333129628298
0.333057791834
0.332991968954
0.336195437399
0.336122984088
0.336056595982
0.335990234094
0.335917869194
0.335851562079
0.335779256894
0.335713004484
0.33564075894
0.336040736557
0.335974472967
0.335902215213
0.334760872292
0.334223113993
0.33415726312
0.333697462438
0.33362576764
0.336030359444
0.335570469799
0.335498416447
0.335432394719
0.33536639897
0.335294433218
0.33522849174
0.335162576194
0.335090697882
0.335703820177
0.33563785126
0.335565914733
0.3355
0.335428122545
0.335362261928
0.335296427169
0.335224636905
0.334124195016
0.335592494828
0.335520684736
0.335098322369
0.335032619158
0.334960972306
0.33489532294
0.334823734792
0.334758139204
0.33351733471
0.334443040003
0.334092769926
0.334021425775
0.333956053732
0.333884767953
0.333819449385
0.333748221906
0.333682956747
0.333398503457
0.333830898817
0.333546530221
0.333481357799
0.333410289652
0.333339251789
0.332593683986
0.332528751952
0.332457945915
0.333912858359
0.333847709253
0.333776666489
0.333705653955
0.332783834087
0.332713062895
0.332648215741
0.332577502214
0.332506818745
0.333292015653
0.333221209171
0.332442430572
0.332371834575
0.33201818793
0.331953583811
0.33104009338
0.330969852356
0.332920835838
0.332856107606
0.332785523688
0.331554770318
0.331419688753
0.331349451636
0.33043754635
0.330373378056
0.330303404698
0.330803981083
0.330739780165
0.330669771216
0.330605622377
0.330535670205
0.33047157338
0.330401677917
0.329844223585
0.32978029916
0.330908386324
0.330838455171
0.33056308765
0.330211597366
0.330147667071
0.330077953158
0.330014074595
0.329944417083
0.32988059019
0.330654945055
0.330591006575
0.330521283701
0.330457396897
0.330387730363
0.329480784093
0.329411351503
0.329347730665
0.330120947215
0.330057215065
0.329987717143
0.32992403642
0.329854594566
0.328949214366
0.32888000561
0.328816589829
0.328747436864
0.328894340284
0.328614974948
0.328551661325
0.328488372093
0.328419357098
0.328356118823
0.328287159383
0.328223972003
0.328155068052
0.329106396376
0.329037334965
0.32897405413
0.328905048245
0.328841818277
0.328108892034
0.328045840467
0.327977084571
0.330149305859
0.328753251742
0.328684389673
0.328202443281
0.32712171971
0.327053241225
0.325833682154
0.325771182451
0.324831325511
0.32797629423
0.326408978425
0.325057062708
0.324571030398
0.324508847708
0.32444668884
0.324378906318
0.324316797215
0.32424906895
0.326622935987
0.325551457797
0.325483511896
0.325421253065
0.325353361498
0.325291152442
0.325223315144
0.32446614425
0.328156486693
0.328088092261
0.328019726332
0.326950120662
0.326882019059
0.325951893374
0.324738869417
0.323636048226
0.323568690705
0.3270444614
0.326629680999
0.324418020142
0.323310746408
0.323249124996
0.32318192842
0.321596203474
0.320559663371
0.319563711911
0.325105587482
0.325043697973
0.324976209015
0.324914368751
0.32335950742
0.322018364488
0.321467471171
0.319885224366
0.319824412837
0.32404879566
0.323981619044
0.323920064943
0.323858534227
0.323791436464
0.32324662098
0.32318525422
0.322704213687
0.324368153196
0.323473101402
0.32341174036
0.323344827586
0.323283515195
0.323222226052
0.323155391667
0.322611766733
0.322550640761
0.3240338913
0.323972520188
0.323905596392
0.323844273863
0.323123515848
0.322305376344
0.322244392459
0.322177890899
0.322116955243
0.32346014337
0.323398989378
0.323337858505
0.323271196633
0.322316888828
0.322250463694
0.320850289325
0.320372182452
0.319659469294
0.322476576175
0.322415715879
0.320948264032
0.320882211703
0.320821687615
0.320349734271
0.320283843543
0.319812177609
0.321088342129
0.321022337947
0.320550807543
0.320484939811
0.320424584831
0.320358768957
0.320292980114
0.320232697408
0.32016696033
0.320893480194
0.320833119581
0.320767297533
0.320706984377
0.320641214068
0.320580948313
0.320515229684
0.320455011273
0.319609282945
0.320738932236
0.320673232849
0.320613032051
0.320547384227
0.320487230667
0.320421634345
0.320361527967
0.320295983087
0.320235923836
0.320579463144
0.320519374297
0.320044975979
0.319979560552
0.319919619897
0.319071050346
0.319011303282
0.318027095105
0.319669202103
0.319603940183
0.318756272219
0.31777830686
0.317713469582
0.317654058649
0.317589272057
0.317524511886
0.317465171594
0.319404810436
0.319345142061
0.319280074709
0.319220452925
0.319155436369
0.319027982827
0.318968442484
0.318394626137
0.318906451394
0.318779143705
0.318719696199
0.318654869657
0.318120964599
0.318056285051
0.317997018566
0.317429669902
0.317365168064
0.318451927472
0.318387244198
0.318322587196
0.317372766649
0.317308342919
0.317238580054
0.317174210784
0.316563545999
0.316499340838
0.316435161716
0.316371008616
0.316312224456
0.31624812119
0.3161840439
0.316119992572
0.316055967189
0.315991967736
0.315927994196
0.315864046555
0.315805450621
0.315741552573
0.315677680378
0.314400323603
0.31433674845
0.314273199003
0.315894084355
0.314617716403
0.312292694425
0.312229610302
0.31216655166
0.31167126607
0.311608344549
0.311545448429
0.311487815953
0.312736443884
0.311362146351
0.311299349569
0.311241808099
0.311179059843
0.311116336883
0.311058863045
0.310996188525
0.313619500076
0.312482167134
0.312424486508
0.312361586471
0.312298711755
0.312235862347
0.312173038229
0.311679603024
0.311616915006
0.311989945538
0.311927220333
0.31186974438
0.311807067493
0.311744415793
0.311681789266
0.311619187895
0.311561825393
0.313975472235
0.313109516402
0.312611844196
0.312549117967
0.312486416905
0.312423740995
0.312361090222
0.312298464572
0.312937442579
0.312173288575
0.312110738199
0.312048212885
0.311990920016
0.311928442694
0.31186599039
0.311803563088
0.311741160774
0.312712599213
0.312650040011
0.31259271606
0.312530204809
0.312472924789
0.312410461436
0.311881682822
0.311824554976
0.313027553484
0.312970237699
0.312475036613
0.312417843891
0.312355475703
0.312298326736
0.312236006253
0.312178900989
0.312116628156
0.312054380163
0.311997341309
0.311935140883
0.311878145607
0.311384206593
0.31132733371
0.310634483217
0.310577768926
0.31052107534
0.311521104327
0.311066138049
0.310606186251
0.310539231943
0.310472306494
0.310405409885
0.310338542098
0.310271703115
0.310762911187
0.310701155897
0.310634282025
0.309943553326
0.309876870118
0.309815341849
0.30975383801
0.309692358584
0.310254163015
0.309564354799
0.309497834639
0.309436456784
0.309077690757
0.308454752701
0.308393618076
0.308332507679
0.310153541357
0.310086988099
0.310025579668
0.309959081309
0.309496709061
0.308247983771
0.308186989859
0.307065844571
0.309054047372
0.308992930242
0.308475581625
0.307755666842
0.307694841557
0.306349624555
0.306289101087
0.305937350826
0.305876931685
0.307434100109
0.307373408351
0.307317795286
0.307257149435
0.307201578428
0.307140978432
0.30708040234
0.307024895243
0.306964364927
0.306251847958
0.306191492856
0.30613618824
0.306075878712
0.306020615849
0.305960351845
0.305905130687
0.305844912154
0.306609808102
0.306554500582
0.306494187858
0.305979935742
0.305919758752
0.305864617301
0.305804485657
0.305749385749
0.30519799548
0.30563424099
0.305574199885
0.305514182366
0.305459187013
0.30539921466
0.305344260686
0.304793680389
0.304738856003
0.305169538633
0.305114667277
0.305054830117
0.305
0.304940207802
0.304880439044
0.304825671593
0.30476594772
0.304221489438
0.304651542354
0.304596857101
0.304537222848
0.304482578625
0.304422989106
0.304363422906
0.304308841031
0.304249319489
0.304194778527
0.303776843615
0.303722407754
0.303663045426
0.303608650339
0.303549332465
0.302843841057
0.302789622734
0.302730497608
0.303327096722
0.303267888804
0.303213635181
0.303154471545
0.30310025849
0.302390975733
0.302336919427
0.302277970949
0.302223955034
0.30216995842
0.302111075024
0.302057118735
0.301998279305
0.301944363294
0.30188556778
0.301831692003
0.301772940356
0.301719104768
0.301665288385
0.301606601495
0.301552825234
0.301494182089
0.301440445906
0.301381846458
0.301328150308
0.301274473288
0.301215938345
0.302457344514
0.302398601625
0.30233988155
0.302286074843
0.30158036913
0.301526717557
0.301468210336
0.301414598658
0.302616904004
0.302553329024
0.302074581529
0.301402171104
0.301343756057
0.301285363648
0.301226993865
0.301168646694
0.301529920599
0.301471537369
0.300767890559
0.300714527654
0.300656335166
0.300082227561
0.29960989135
0.298423750121
0.298370852603
0.299059096475
0.29900128866
0.298948317792
0.298890552791
0.298837621148
0.298779898915
0.298727006453
0.298674132715
0.298616473616
0.300236444645
0.300178505379
0.300120588472
0.300062693909
0.300004821678
0.299946971766
0.299889144161
0.299831338848
0.300158992725
0.300101157694
0.300043344945
0.299600340273
0.298900746209
0.298843197972
0.298790464885
0.298732959102
0.29867547545
0.299616821381
0.299559188908
0.299501578602
0.298936033842
0.298878564563
0.298821117376
0.297962974825
0.297910495557
0.298173435574
0.298116167032
0.298058920485
0.298001695919
0.297949259366
0.296548635768
0.296491733026
0.29643959136
0.296382730455
0.298211688748
0.297131900615
0.297074939694
0.297018000607
0.296961083343
0.296904187888
0.296847314231
0.296790462359
0.298105921588
0.298048850529
0.297449476018
0.297392552428
0.297335650621
0.296613952302
0.296557220274
0.296500509944
0.296448544525
0.298207885305
0.298150891108
0.298093918693
0.298036968047
0.297975296065
0.296899866319
0.296111252546
0.295645810465
0.297720729748
0.296641435023
0.296584838463
0.295919502774
0.295104895105
0.295048623912
0.294992374174
0.29493614588
0.296568043578
0.296511535591
0.296455049134
0.296398584194
0.295770848211
0.295719226986
0.295662933469
0.29560666138
0.295550410707
0.296069633599
0.296013315368
0.295957018559
0.295900743159
0.295844489156
0.295792941773
0.295736728747
0.295047184749
0.296162613982
0.296106362773
0.296050132928
0.295993924435
0.295937737282
0.295881571456
0.295825426945
0.2940934674
0.295708527622
0.295652448757
0.293921534548
0.293865815706
0.293810117985
0.293754441374
0.29369878586
0.293643151431
0.292419627215
0.294100011046
0.293476374537
0.292248966844
0.292193660306
0.292138374696
0.292083110004
0.292027866217
0.291972643323
0.295068536316
0.294004599729
0.293949034554
0.293893490379
0.29333879119
0.292307450141
0.292252246581
0.292197063868
0.293117281523
0.293061956368
0.293006652094
0.292542570085
0.292487384654
0.292432220039
0.291811367601
0.291756351239
0.291701355618
0.292714337317
0.292659181911
0.292604047286
0.292548933432
0.292493840335
0.291936673309
0.291348341046
0.291298073907
0.292623259315
0.292568203198
0.292508582446
0.292453569469
0.291677766112
0.291622930016
0.291196741855
0.291142015912
0.291091868531
0.292732567242
0.292673000767
0.292613458529
0.292553940513
0.291739014814
0.290120270883
0.290065831652
0.290011412848
0.292390896586
0.292340631691
0.291942061595
0.291891891892
0.291837180969
0.291787047304
0.29079553439
0.289871362558
0.292969969408
0.291452738026
0.291054906305
0.291004960844
0.290576161213
0.290339181287
0.290284858974
0.290230556985
0.290176275307
0.292116622255
0.291870501355
0.291815944422
0.291138451955
0.290705821902
0.290651513972
0.29059722633
0.290009337068
0.290173014688
0.290118847614
0.290064700759
0.290010574112
0.289951959702
0.289369374971
0.289000093246
0.288941717553
0.290219350028
0.289699304175
0.289636324109
0.289018956389
0.288960635788
0.288591958037
0.288538224022
0.288480034749
0.289290422644
0.289227620214
0.288611205854
0.288553049678
0.288494916935
0.288441276728
0.287763543135
0.288882693678
0.288824540485
0.288766410701
0.288708304311
0.288654688395
0.288039610088
0.287981684018
0.287923781242
0.28950501786
0.289446832194
0.289388669913
0.28790875935
0.286835599506
0.286782426003
0.286724843617
0.285930478558
0.2875449675
0.286565505318
0.286508010001
0.286454957874
0.286401925391
0.28634891254
0.286295919312
0.28623853211
0.287973854194
0.287920590638
0.286660913518
0.286268951066
0.286211624074
0.28569668407
0.284843165335
0.284790540853
0.286646655892
0.28659812854
0.286237459223
0.285050539239
0.284997923428
0.284949709329
0.28434357413
0.284295487739
0.284243048404
0.284497994437
0.2844455371
0.284397468199
0.284345047923
0.284292646968
0.283933177742
0.283885230047
0.283832941935
0.283780673081
0.284618335251
0.284565941062
0.284513566159
0.284461210532
0.28440887417
0.284352198173
0.284299901913
0.284247624885
0.285145238387
0.285092825195
0.285036065975
0.284983692906
0.284288360558
0.284236144062
0.284183946744
0.28412742128
0.284778950589
0.284726683185
0.284670081811
0.284617854358
0.284565646066
0.284509108693
0.283448444472
0.283396480078
0.285784111564
0.284475122935
0.284418657913
0.28375593448
0.2836996337
0.283643355256
0.283587099136
0.283530865327
0.2847905324
0.284734081483
0.284677652941
0.283920134126
0.282187647624
0.282131756963
0.282075888437
0.282020042033
0.283217102659
0.283161051654
0.283105022831
0.282440308615
0.281745427989
0.281689712347
0.281634018737
0.283346511769
0.282712802347
0.282656938744
0.282605391933
0.282549570767
0.282498063105
0.281379100851
0.281327826034
0.283645086846
0.283593417937
0.282483646243
0.281669195751
0.281613642225
0.281562381494
0.28150687009
0.281455648218
0.281404444983
0.282258431224
0.282207101399
0.282151515152
0.281797248985
0.281746031746
0.281690567409
0.281639388939
0.281583966577
0.281835517753
0.281780077776
0.281728921769
0.281673523717
0.281622406388
0.281571307609
0.281515971519
0.281162618461
0.28246743434
0.282416220953
0.282058641369
0.282007521409
0.281952162358
0.281901080983
0.28184576371
0.28073829251
0.281739445333
0.281688440998
0.281633207137
0.281582241257
0.281527049032
0.281471878439
0.281420970926
0.281365841897
0.282188808871
0.281832286442
0.281777108434
0.281717710121
0.281090520421
0.279986152712
0.279931379041
0.281505777564
0.281450727319
0.280824184088
0.280769288604
0.280718634894
0.280663780664
0.280613165014
0.28055835199
0.280507774356
0.280453002493
0.280402462832
0.280347732084
0.280293022697
0.280242540674
0.280187872331
0.280137428173
0.280082800828
0.280032394493
0.2799778081
0.279927439545
0.279573115894
0.279522838988
0.279468392742
0.279413967702
0.279363748015
0.279309363722
0.279255000599
0.279204838034
0.279150515587
0.279100390549
0.279046108734
0.278991848029
0.279240881152
0.279186602871
0.279136518567
0.279082280846
0.279028064198
0.278978036755
0.278923860598
0.27887387051
0.278819734799
0.278769782024
0.278715686714
0.278665771211
0.278611716255
0.278084439803
0.278030517727
0.277980762061
0.278404007873
0.278350054412
0.278300269775
0.278246356511
0.278196608957
0.278142735845
0.278093025334
0.278039192328
0.277989518818
0.277935725875
0.277584308123
0.277534743922
0.277481069341
0.277431541997
0.277377907323
0.276848506475
0.277274821983
0.277221247882
0.27716769448
0.277118278931
0.2770647653
0.277011272333
0.27696191254
0.276908459277
0.27724094937
0.276805722512
0.276752329515
0.276698957113
0.276649708548
0.276596375716
0.276543063442
0.276493870351
0.276440597581
0.276387345336
0.276338207624
0.275692490001
0.275639411756
0.275590434589
0.27553739563
0.275488454707
0.275439531167
0.27538655027
0.275337662914
0.275284721195
0.275235869983
0.275182967399
0.275134152291
0.275081288797
0.276007802341
0.275954790574
0.275901799167
0.275852902082
0.275799949795
0.275747017834
0.275694106186
0.275054972624
0.275592410069
0.275539557732
0.27549078895
0.27543797558
0.275385182455
0.275336468299
0.275283714075
0.274641557255
0.275182320442
0.275129625265
0.275076950266
0.275024295432
0.27497570886
0.274923092774
0.274870496821
0.274817920989
0.2747694073
0.274716870128
0.274664353043
0.274611856034
0.274181219498
0.274128834085
0.274076468687
0.274410131343
0.274357731459
0.274305351583
0.274252991704
0.274204677247
0.27415235579
0.274100054298
0.274047772757
0.273999530572
0.273947287367
0.273895064082
0.273842860703
0.273794690629
0.273742525501
0.273690380248
0.273638254857
0.273590156731
0.273538069505
0.273486002108
0.27343395453
0.273385928192
0.273333918693
0.27328192898
0.27322995904
0.273182004329
0.273130072384
0.27307816018
0.273026267705
0.272978384461
0.272926529897
0.272874695028
0.272822879846
0.272775067909
0.272723290551
0.272671532847
0.272619794783
0.272572053995
0.272520353672
0.272468672959
0.272417011843
0.272365370314
0.272317718585
0.272266114691
0.272214530351
0.272162965553
0.272115384615
0.27206385737
0.272507500073
0.272455918112
0.272404355675
0.27235281275
0.272301289327
0.272253746544
0.272202260594
0.272150794113
0.27209934709
0.272047919514
0.271996511374
0.27194512266
0.271889802679
0.271838454275
0.271787125261
0.271735815629
0.271684525365
0.27163325446
0.271001451379
0.270950328675
0.270899225256
0.270852069976
0.270801003611
0.270749956499
0.270698928628
0.270651843047
0.270600852149
0.270549880461
0.270498927971
0.270451911935
0.270400996336
0.270350099904
0.270299222629
0.270252275984
0.270201435517
0.269976995529
0.269926225951
0.26987937867
0.269828645796
0.271223687254
0.270507798384
0.270456976038
0.270406172786
0.270355388616
0.270304623518
0.270249974728
0.270199249206
0.270148542722
0.270097855267
0.269643140594
0.269592566944
0.269538124225
0.269487589957
0.269437074634
0.270049736899
0.269995243517
0.269944662209
0.269894099849
0.269839669255
0.269789146215
0.269738642091
0.269022012986
0.269633809304
0.269583363316
0.269529057972
0.269478651168
0.269428263215
0.269377894101
0.268662295836
0.269445842018
0.269395498577
0.269341303598
0.26929099921
0.269068344394
0.269014246324
0.268964031876
0.268913836171
0.269261683316
0.268809643395
0.268759505294
0.268705531329
0.268655432054
0.268605351458
0.268551439385
0.268902744929
0.268852646966
0.268798716185
0.268748656973
0.268698616403
0.268648594464
0.268193857828
0.268143949154
0.268981408596
0.268927523789
0.268877507225
0.268341176639
0.26828745084
0.268237581858
0.268187731412
0.268620024298
0.268084255052
0.268034461574
0.267984686589
0.267931103431
0.267881366823
0.267831648678
0.267378457849
0.267728446861
0.267279264882
0.267225883763
0.267176334669
0.267126803947
0.267073483704
0.267023991105
0.267373581894
0.267320242811
0.267270732715
0.267221240955
0.267167962631
0.267118508921
0.267069073515
0.266621119604
0.266966458425
0.266917079278
0.266867718395
0.266814580933
0.266765257949
0.266715953197
0.26666287615
0.267778977886
0.266731080735
0.266678031594
0.266628790569
0.266579567724
0.266526578828
0.266477393711
0.266112207099
0.26685775911
0.266804755554
0.266216542079
0.265851686923
0.265802682699
0.265749929118
0.265700962397
0.266077147635
0.26602436951
0.265971612318
0.265157845539
0.265105280299
0.265056488377
0.265003963311
0.264615558795
